1032773
1484079
1508429
1544064
1574522
1662605
1717927
1748171
1756233
1762304
1763484
1769300
1795931
1799621
1799789
1800628
1803055
1803570
1803762
1803984
1804292
1804492
1805141
1805299
1805569
1807110
1807543
1809199
1810164
1810326
1812450
1813046
1814548
1816613
1818645
1819341
1822429
1827419
1827841
1828463
1829525
1831931
1834694
1838228
1838842
1841356
1843464
1848599
1848673
1848717
1848830
1848841
1848918
1848920
1849119
1849136
1849236
1849290
1849302
1849453
1849462
1849469
1849473
1849576
1849654
1849675
1849699
1849775
1850206
1850215
1850278
1850361
1850366
1850410
1850444
1850518
1850551
1850792
1850884
1850900
1850920
1850932
1850962
1850967
1851072
1851101
1851164
1851328
1851442
1851455
1851469
1851526
1851654
1851860
1851990
1852021
1852058
1852095
1852245
1852291
1852338
1852349
1852381
1852408
1852436
1852539
1852554
1852566
1852572
1852738
1853033
1853110
1853141
1853152
1853215
1853410
1853739
1853916
1853983
1854086
1854136
1854199
1854235
1854299
1854346
1854362
1854364
1854420
1854438
1854698
1854810
1854866
1855125
1855126
1855156
1855166
1855317
1855718
1855755
1855880
1855979
1856239
1856466
1856953
1857314
1857397
1857564
1857695
1857846
1858200
1858309
1858348
1858643
1858668
1858901
1859494
1859697
1859720
1859917
1859940
1859965
1860052
1860513
1860658
1860937
1861262
1861379
1861457
1861508
1862235
1862543
1862694
1862887
1863371
1863373
1863710
1864004
1865218
1865439
1865859
1866699
1868982
1869312
1869702
1869722
1869723
1869867
1870179
1871305
1871480
1871963
1873764
1873837
1874083
1874901
1875554
1876913
1880267
1880329
1882167
1883814
1884666
1884921
1890680
1898788
1898875
1908066
1921364
1928428
1932636
